18
113
0
1.000000
-1895821568
16 3 -0.204531
4 18 0.929388
11 12 0.663991
5 10 -0.130615
4 14 -0.232718
7 16 1.364883
4 2 1.191162
1 6 -0.248395
8 12 1.214080
10 11 0.028494
11 15 0.601971
18 4 -0.081446
5 15 -0.010924
15 16 1.328525
16 9 0.841278
17 12 -0.088522
10 13 -0.151248
12 10 2.245526
5 1 0.358598
3 2 -3.440673
9 2 1.709500
11 1 1.646785
18 9 1.496541
8 16 -0.108880
12 6 0.009228
2 15 -0.070808
15 5 -0.063645
7 11 0.694335
8 9 1.517143
10 6 0.426662
1 7 -3.448442
8 1 1.728871
4 17 5.903663
14 10 1.524284
18 16 -0.258758
12 2 -0.062272
17 15 0.899913
9 10 1.202911
2 18 -0.045435
4 13 0.382764
12 16 2.218665
12 15 1.026655
12 1 0.677968
13 16 -0.032018
15 9 0.537380
4 12 0.024453
14 12 0.175076
17 9 0.738043
18 10 0.008579
2 17 1.102704
17 18 1.957641
10 2 -0.137288
6 15 0.773506
1 11 1.279806
13 2 0.031757
2 3 1.401185
7 13 -3.359262
9 16 0.280457
13 14 0.328051
16 18 -3.380110
8 4 1.444926
6 16 0.962590
13 8 0.962348
13 9 2.080863
15 3 0.597741
8 10 0.972367
2 10 0.111675
18 15 0.004760
6 10 0.426496
18 5 0.132143
7 5 0.827070
2 13 0.397999
17 10 2.298162
12 8 0.016370
6 9 0.782526
8 6 0.530441
15 11 0.373494
7 6 1.904710
3 13 -0.126834
13 5 0.821172
2 7 0.908570
3 1 -0.200811
17 7 1.102159
6 4 0.123894
9 12 1.469150
13 1 2.034775
18 11 -0.132676
11 3 1.240074
4 8 0.205271
11 14 0.529202
14 1 0.655435
15 17 -0.049194
16 8 0.008736
16 17 0.076881
3 15 -3.450704
16 10 1.098935
16 12 1.955827
4 7 0.071661
7 1 1.923758
9 17 0.318614
13 11 0.590708
8 3 0.672911
18 13 1.470937
5 16 0.583508
17 13 1.265490
18 8 0.430322
9 18 -0.213730
9 11 0.017608
7 2 0.305492
12 5 -0.072554
2 6 1.498786
14 4 -0.191410
15 14 -0.001330
